 0.044001016
 0.039470195
 0.043668433
 0.037334974
 0.036324586
 0.042035225
 0.035441621
 0.039286217
 0.027823383
 0.04380522
 0.036235908
 0.039083157
 0.034091295
 0.034895496
 0.029262216
 0.055355064
 0.034137394
 0.031523127
 0.025753478
 0.027014273
 0.027495602
 0.036365647
 0.035931248
 0.027553586
 0.035748019
 0.044152617
 0.052472741
 0.047717258
 0.058033675
 0.075014454
 0.070179557
 0.052314382
 0.084543871
 0.05619204
 0.072894554
 0.070433167
 0.051478222
 0.071134789
 0.062143292
 0.067288363
 0.047832815
 0.047039665
 0.045086601
 0.068150247
 0.057665198
 0.048540917
 0.075172444
 0.075454363
 0.043823478
 0.072284223
 0.063340755
 0.037992078
 0.060102163
 0.042036697
 0.046518748
 0.033758061
 0.02875308
 0.045526449
 0.039345876
 0.034306862
 0.045678033
 0.044311881
 0.041328858
 0.064446325
 0.043538762
 0.035958221
 0.1066285
 0.128816255
 0.044138102
 0.037219703
 0.044881963
 0.039257769
 0.035906164
 0.032573948
 0.034568508
 0.038274742
 0.036545181
 0.037208742
 0.047802608
 0.058869512
 0.039783848
 0.042352687
 0.047508827
 0.037210176
 0.032405302
 0.036471014
 0.034402592
 0.027905241
 0.03600202
 0.027347233
 0.02219157
 0.031164712
 0.026866023
 0.038055023
 0.040736977
 0.045188621
 0.048263339
 0.057800369
 0.061089379
 0.04067011
 0.071224194
 0.053882557
 0.057074682
 0.055854612
 0.076579635
 0.062327723
 0.056403735
 0.081931538
 0.060431404
 0.065616865
 0.062450762
 0.080639316
 0.09563862
 0.075165786
 0.127245048
 0.074434484
 0.081171469
 0.055003868
 0.061296612
 0.068236783
 0.057093245
 0.049542511
 0.069119131
 0.038297284
 0.03960866
 0.061714325
 0.069600262
 0.057766039
 0.046383048
 0.048796954
 0.046355829
 0.07669447
 0.068543088
 0.045932631
 0.05290975
 0.042283414
 0.028300424
 0.038656445
 0.04266768
 0.043678136
 0.035195782
 0.033529138
 0.039662676
 0.062914325
 0.078529413
 0.070544917
 0.083773829
 0.062852044
 0.038205612
 0.043681669
 0.046335691
 0.046984059
 0.058382012
 0.055030658
 0.048906031
 0.042022905
 0.045484229
 0.038416375
 0.038207026
 0.039107645
 0.033268881
 0.032244293
 0.030316642
 0.04301517
 0.053629948
 0.050512555
 0.035208221
 0.035138107
 0.040573651
 0.037502399
 0.035579698
 0.026720255
 0.033640438
 0.030510979
 0.045409408
 0.027860583
 0.029171991
 0.024377422
 0.026009178
 0.033167878
 0.028456316
 0.036445764
 0.027620937
 0.024573968
 0.031091418
 0.029894297
 0.02833785
 0.030957892
 0.028501209
 0.048927926
 0.040883702
 0.093604801
 0.070190253
 0.040556868
 0.032896021
 0.03716775
 0.03088376
 0.042913005
 0.034763804
 0.034375348
